/*--------------------------------*- C++ -*----------------------------------*\
| =========                 |                                                 |
| \\      /  F ield         | OpenFOAM: The Open Source CFD Toolbox           |
|  \\    /   O peration     | Version:  2506                                  |
|   \\  /    A nd           | Website:  www.openfoam.com                      |
|    \\/     M anipulation  |                                                 |
\*---------------------------------------------------------------------------*/
FoamFile
{
    version     2.0;
    format      ascii;
    arch        "LSB;label=32;scalar=64";
    class       surfaceScalarField;
    location    "10";
    object      phi;
}
// * * * * * * * * * * * * * * * * * * * * * * * * * * * * * * * * * * * * * //

dimensions      [0 3 -1 0 0 0 0];

oriented        oriented;

internalField   nonuniform List<scalar> 
1540
(
2.44122216e-10
3.02758623e-09
-5.5583902e-10
5.17543419e-09
-1.70871876e-09
5.95224641e-09
-3.04276954e-09
6.16246251e-09
-4.39831387e-09
6.1437338e-09
-5.63473017e-09
5.94685569e-09
-6.58162176e-09
5.51325534e-09
-7.02982514e-09
4.73886642e-09
-6.78873308e-09
3.52721152e-09
-5.84198271e-09
1.84370533e-09
-4.48479891e-09
-2.56269305e-10
-3.18261096e-09
-2.7366107e-09
-2.15467054e-09
-5.24890837e-09
-1.36963777e-09
-7.44725572e-09
-7.39407095e-10
-9.08232286e-09
-2.04473825e-10
-9.8844038e-09
2.06477544e-10
-9.59594209e-09
3.86623317e-10
-8.08622795e-09
2.60397048e-10
-5.44713302e-09
-1.97696812e-09
1.08607596e-11
3.01672543e-09
-1.31248748e-09
6.49878192e-09
-3.42199327e-09
8.06175231e-09
-5.80941218e-09
8.54988083e-09
-8.11523171e-09
8.44955358e-09
-1.00546077e-08
7.88623101e-09
-1.13808924e-08
6.83954039e-09
-1.19337018e-08
5.29167515e-09
-1.17209434e-08
3.31445352e-09
-1.09532382e-08
1.07599957e-09
-9.96101872e-09
-1.24848831e-09
-9.13175797e-09
-3.56587184e-09
-8.4817082e-09
-5.8989577e-09
-7.77926206e-09
-8.14970197e-09
-6.77811854e-09
-1.0083466e-08
-5.34287046e-09
-1.13196517e-08
-3.54992433e-09
-1.1388888e-08
-1.74738774e-09
-9.88876427e-09
-4.45946423e-10
-6.74857408e-09
-2.42291453e-09
-1.58874247e-10
3.17559961e-09
-7.25818025e-10
7.06572481e-09
-1.67435398e-09
9.01028846e-09
-2.77127698e-09
9.64680281e-09
-3.76992589e-09
9.44820294e-09
-4.52055824e-09
8.63686224e-09
-5.0055837e-09
7.32456644e-09
-5.34461474e-09
5.63070507e-09
-5.74054798e-09
3.71038753e-09
-6.35699259e-09
1.69244322e-09
-7.19341716e-09
-4.1206296e-10
-8.07297975e-09
-2.68630989e-09
-8.81365212e-09
-5.15828458e-09
-9.19596577e-09
-7.76738853e-09
-8.98087596e-09
-1.02985552e-08
-7.95416965e-09
-1.23463578e-08
-6.03603152e-09
-1.33070256e-08
-3.4819072e-09
-1.24428882e-08
-1.08318824e-09
-9.14729263e-09
-3.50610274e-09
2.60494359e-10
2.91510522e-09
6.26682631e-10
6.69953533e-09
9.17936887e-10
8.71903454e-09
1.10161521e-09
9.46312308e-09
1.25609491e-09
9.29372391e-09
1.37935321e-09
8.51360241e-09
1.39457112e-09
7.30934936e-09
1.19354213e-09
5.83173257e-09
7.04282933e-10
4.19964778e-09
-6.15015217e-11
2.45822642e-09
-1.0130309e-09
5.39467466e-10
-2.14463662e-09
-1.55470499e-09
-3.35732812e-09
-3.94559209e-09
-4.50587193e-09
-6.61884496e-09
-5.39817214e-09
-9.4062542e-09
-5.76857178e-09
-1.19759578e-08
-5.28925018e-09
-1.37863467e-08
-3.72296274e-09
-1.40091751e-08
-1.47067379e-09
-1.1399581e-08
-4.9767765e-09
4.92763482e-10
2.42234172e-09
1.51729927e-09
5.67499799e-09
2.81415375e-09
7.42218046e-09
4.19799957e-09
8.0792755e-09
5.54133179e-09
7.95039244e-09
6.74903377e-09
7.30589855e-09
7.72416232e-09
6.33422175e-09
8.40593109e-09
5.14996202e-09
8.78422419e-09
3.82135585e-09
8.87139489e-09
2.37105423e-09
8.63798643e-09
7.72877091e-10
8.11790112e-09
-1.03462068e-09
7.25631591e-09
-3.08400575e-09
5.99120433e-09
-5.35373371e-09
4.31186377e-09
-7.72691272e-09
2.3308242e-09
-9.99491794e-09
3.82544666e-10
-1.18380665e-08
-9.48373213e-10
-1.26782566e-08
-9.54932052e-10
-1.13930216e-08
-5.93170853e-09
7.65923018e-10
1.65641884e-09
3.15556303e-09
3.28535639e-09
6.68750021e-09
3.89024383e-09
1.0769893e-08
3.99688084e-09
1.49693182e-08
3.75096811e-09
1.89771037e-08
3.29811112e-09
2.25668634e-08
2.74446308e-09
2.55910866e-08
2.12573694e-09
2.79601878e-08
1.45225593e-09
2.95972988e-08
7.33941774e-10
3.03527251e-08
1.74519649e-11
3.03655051e-08
-1.0474017e-09
2.94031773e-08
-2.12167674e-09
2.72717432e-08
-3.22229997e-09
2.3851341e-08
-4.30650964e-09
1.91597441e-08
-5.30332067e-09
1.34421533e-08
-6.1204751e-09
7.3507795e-09
-6.58688217e-09
2.19234946e-09
-6.23459101e-09
-3.73935905e-09
2.98466904e-09
-1.32825019e-09
9.25121891e-09
-2.9811952e-09
1.70810294e-08
-3.93956624e-09
2.548108e-08
-4.40317177e-09
3.36793038e-08
-4.4472549e-09
4.11767132e-08
-4.1993003e-09
4.77027995e-08
-3.78162241e-09
5.30896754e-08
-3.26114072e-09
5.72114412e-08
-2.6695088e-09
5.99722127e-08
-2.02683126e-09
6.13404062e-08
-1.35074053e-09
6.09539465e-08
-6.60943028e-10
5.88023125e-08
2.99580563e-11
5.45177268e-08
1.06228539e-09
4.81274359e-08
2.08378179e-09
3.97060224e-08
3.11809298e-09
2.94840433e-08
4.10150435e-09
1.80315844e-08
4.86557704e-09
6.85912735e-09
4.9378664e-09
3.11976832e-09
1.53019386e-09
-2.85844397e-09
5.38511139e-09
-6.83611435e-09
1.04334064e-08
-8.9878609e-09
1.57654651e-08
-9.73523237e-09
2.08239931e-08
-9.5057822e-09
2.53051262e-08
-8.68043538e-09
2.90336928e-08
-7.51018821e-09
3.191066e-08
-6.13810973e-09
3.38856154e-08
-4.64446321e-09
3.49276001e-08
-3.06881748e-09
3.5010052e-08
-1.43319156e-09
3.41317166e-08
2.1739145e-10
3.2031577e-08
2.13009837e-09
2.89882872e-08
4.10557484e-09
2.48724638e-08
6.19960572e-09
1.96874624e-08
8.30309443e-09
1.36701888e-08
1.01187783e-08
7.42695115e-09
1.11088149e-08
2.21916525e-09
1.01456526e-08
5.33893359e-09
1.18334089e-09
-4.04178467e-09
3.19976981e-09
-8.85254444e-09
5.13848884e-09
-1.09265795e-08
6.71297492e-09
-1.130972e-08
7.86251743e-09
-1.0655324e-08
8.63664101e-09
-9.45456059e-09
9.08908521e-09
-7.96263163e-09
9.25493208e-09
-6.30395808e-09
9.14687196e-09
-4.53640215e-09
8.74371315e-09
-2.66565985e-09
7.95911567e-09
-6.48593212e-10
6.75381241e-09
1.42269395e-09
5.32473158e-09
3.55917999e-09
3.64101605e-09
5.78929011e-09
1.79284534e-09
8.04777703e-09
-3.04754656e-11
1.01264154e-08
-1.51236223e-09
1.16006655e-08
-2.07809151e-09
1.16745446e-08
-1.31787253e-09
9.38543392e-09
4.02106108e-09
2.30037979e-10
-4.27182247e-09
-2.08167983e-10
-8.41433916e-09
-1.22032884e-09
-9.91441838e-09
-2.65062886e-09
-9.87942089e-09
-4.1666044e-09
-9.13934805e-09
-5.61278884e-09
-8.00837717e-09
-6.94494012e-09
-6.63047986e-09
-8.16449698e-09
-5.08440215e-09
-9.28830052e-09
-3.41259803e-09
-1.03245037e-08
-1.62945746e-09
-1.12526456e-08
2.79549254e-10
-1.20246128e-08
2.19466063e-09
-1.26247608e-08
4.15932851e-09
-1.28847205e-08
6.04924963e-09
-1.2551861e-08
7.71491792e-09
-1.133119e-08
8.90574457e-09
-8.97487147e-09
9.24434719e-09
-5.59661948e-09
8.29629282e-09
-1.99698981e-09
5.78580452e-09
2.02407128e-09
-1.59518048e-09
-2.67664174e-09
-5.11702049e-09
-4.89249912e-09
-9.38408642e-09
-5.64735218e-09
-1.36099534e-08
-5.65355396e-09
-1.74272028e-08
-5.32209833e-09
-2.06595632e-08
-4.77601692e-09
-2.32400595e-08
-4.04998324e-09
-2.51600161e-08
-3.16444558e-09
-2.64285341e-08
-2.14407976e-09
-2.70446295e-08
-1.01336207e-09
-2.69703597e-08
2.0527978e-10
-2.61137665e-08
1.33806742e-09
-2.44472631e-08
2.49282543e-09
-2.19353543e-08
3.53734089e-09
-1.8553621e-08
4.33318499e-09
-1.43595762e-08
4.71169989e-09
-9.62249745e-09
4.50726875e-09
-4.96372408e-09
3.63751975e-09
-1.39180153e-09
2.21388225e-09
6.32269746e-10
-3.48750218e-09
8.10860655e-10
-9.57042431e-09
1.19042359e-09
-1.61915869e-08
9.73810549e-10
-2.23285251e-08
4.833849e-10
-2.75502582e-08
-1.00365253e-10
-3.16894082e-08
-6.36866202e-10
-3.46150869e-08
-1.12430464e-09
-3.62675548e-08
-1.51197702e-09
-3.6640478e-08
-1.77115662e-09
-3.57614172e-08
-1.89242236e-09
-3.36825895e-08
-1.87354811e-09
-3.06189652e-08
-1.72555649e-09
-2.66589742e-08
-1.46716564e-09
-2.19856005e-08
-1.13603265e-09
-1.68658514e-08
-7.86564186e-10
-1.16712762e-08
-4.82875319e-10
-6.88768537e-09
-2.76322006e-10
-3.07140028e-09
-1.7876533e-10
-7.1384438e-10
-1.43673654e-10
-8.15746633e-11
-3.0831421e-09
3.89400245e-09
-8.73579433e-09
6.84307651e-09
-1.50224768e-08
7.2604925e-09
-2.09296465e-08
6.39055549e-09
-2.60115239e-08
4.9815115e-09
-3.00041177e-08
3.35572864e-09
-3.27897509e-08
1.66132775e-09
-3.42314392e-08
-7.02877795e-11
-3.44899084e-08
-1.51268828e-09
-3.35100823e-08
-2.87224771e-09
-3.13468004e-08
-4.03683086e-09
-2.81144642e-08
-4.95789234e-09
-2.39956739e-08
-5.58595678e-09
-1.92617409e-08
-5.86996564e-09
-1.42807595e-08
-5.76754637e-09
-9.5001705e-09
-5.26346471e-09
-5.38631213e-09
-4.39018103e-09
-2.3279202e-09
-3.23715787e-09
-5.36678075e-10
-1.93491636e-09
-6.18252777e-10
-1.27283679e-09
5.166839e-09
-4.45496375e-09
1.00252048e-08
-8.52861256e-09
1.13341408e-08
-1.26692267e-08
1.05311712e-08
-1.64363202e-08
8.74860422e-09
-1.96205234e-08
6.53993346e-09
-2.2131861e-08
4.17266435e-09
-2.39948964e-08
1.79274915e-09
-2.49901307e-08
-5.17455231e-10
-2.51764901e-08
-2.68588704e-09
-2.45110408e-08
-4.70228135e-09
-2.29639939e-08
-6.50493851e-09
-2.05443976e-08
-8.00555419e-09
-1.73391757e-08
-9.0751874e-09
-1.35524673e-08
-9.5542558e-09
-9.52769789e-09
-9.28823456e-09
-5.72604882e-09
-8.1918309e-09
-2.640428e-09
-6.32277948e-09
-6.65467573e-10
-3.90987755e-09
-1.28372039e-09
-1.6256989e-12
5.16846452e-09
-1.0162328e-09
1.10398137e-08
-2.85415915e-09
1.31720665e-08
-5.17455302e-09
1.28515673e-08
-7.61132485e-09
1.1185375e-08
-9.92094346e-09
8.84955437e-09
-1.20077505e-08
6.2594702e-09
-1.38382693e-08
3.62327001e-09
-1.53795386e-08
1.02381261e-09
-1.65481561e-08
-1.51726779e-09
-1.72569287e-08
-3.9935101e-09
-1.73811308e-08
-6.38073536e-09
-1.67804197e-08
-8.60626652e-09
-1.53349505e-08
-1.05206563e-08
-1.30088925e-08
-1.18803149e-08
-9.93368127e-09
-1.23634461e-08
-6.47723557e-09
-1.16482773e-08
-3.23616809e-09
-9.56384769e-09
-8.93141243e-10
-6.2529051e-09
-2.17686167e-09
6.57333687e-10
4.51113069e-09
1.22616215e-09
1.04709875e-08
1.1034674e-09
1.32947607e-08
2.65834115e-10
1.36892032e-08
-1.00146802e-09
1.24526761e-08
-2.50341085e-09
1.03514999e-08
-4.10380396e-09
7.85986201e-09
-5.720501e-09
5.23996944e-09
-7.30553538e-09
2.6088454e-09
-8.81899353e-09
-3.80773606e-12
-1.01850352e-08
-2.62746998e-09
-1.12965777e-08
-5.26919159e-09
-1.19844941e-08
-7.91835149e-09
-1.20277001e-08
-1.04774499e-08
-1.1204502e-08
-1.2703514e-08
-9.39176394e-09
-1.41761845e-08
-6.7057149e-09
-1.43343271e-08
-3.64713529e-09
-1.2622428e-08
-1.09123845e-09
-8.80880264e-09
-3.26810015e-09
8.63824778e-10
3.64730584e-09
2.3182729e-09
9.01654166e-09
3.46388943e-09
1.21491436e-08
3.95115597e-09
1.32019394e-08
3.75557226e-09
1.26482588e-08
3.04684335e-09
1.10602316e-08
1.99918724e-09
8.90751692e-09
7.40606709e-10
6.49855245e-09
-6.47967238e-10
3.99741785e-09
-2.11617959e-09
1.46440658e-09
-3.63477771e-09
-1.1088733e-09
-5.14045544e-09
-3.76351256e-09
-6.50565028e-09
-6.55315795e-09
-7.52753107e-09
-9.45556855e-09
-7.95318466e-09
-1.22778614e-08
-7.51926445e-09
-1.4610105e-08
-6.0558524e-09
-1.57977398e-08
-3.70965855e-09
-1.49686225e-08
-1.24567143e-09
-1.12727904e-08
-4.51377161e-09
8.61091347e-10
2.78621447e-09
2.66777603e-09
7.20985916e-09
4.62845065e-09
1.01884685e-08
6.20278963e-09
1.1627603e-08
7.14976573e-09
1.17012818e-08
7.45332833e-09
1.07566716e-08
7.21200957e-09
9.14883464e-09
6.55087078e-09
7.15969352e-09
5.5754597e-09
4.97282762e-09
4.36203783e-09
2.67783024e-09
2.96795557e-09
2.85207682e-10
1.46573237e-09
-2.26128819e-09
-5.56888735e-11
-5.0317379e-09
-1.50857328e-09
-8.00268369e-09
-2.78141589e-09
-1.10050197e-08
-3.67407058e-09
-1.37174506e-08
-3.84896725e-09
-1.56228438e-08
-2.9670899e-09
-1.58505004e-08
-1.25305537e-09
-1.29868255e-08
-5.76682701e-09
7.63775549e-10
2.02243871e-09
2.61499863e-09
5.35863774e-09
5.02835005e-09
7.77511651e-09
7.48602903e-09
9.16992604e-09
9.60181205e-09
9.58549785e-09
1.11787303e-08
9.17975539e-09
1.21655498e-08
8.16201405e-09
1.26005408e-08
6.72470429e-09
1.25638741e-08
5.009493e-09
1.21469342e-08
3.09477151e-09
1.14454185e-08
9.86722093e-10
1.04944107e-08
-1.31027961e-09
9.25463111e-09
-3.79195951e-09
7.66746578e-09
-6.41551813e-09
5.69952626e-09
-9.03708111e-09
3.44252006e-09
-1.14604448e-08
1.21421102e-09
-1.33945354e-08
-4.01990867e-10
-1.42342991e-08
-7.11010964e-10
-1.2677806e-08
-6.477838e-09
5.93858812e-10
1.42857976e-09
2.50125957e-09
3.45123822e-09
5.48808102e-09
4.78829462e-09
9.07086843e-09
5.58714017e-09
1.28148798e-08
5.84148581e-09
1.63744118e-08
5.62022497e-09
1.95171235e-08
5.01930153e-09
2.21123881e-08
4.12944099e-09
2.4095649e-08
3.02623114e-09
2.54179948e-08
1.77242664e-09
2.59545268e-08
4.50189206e-10
2.57701527e-08
-1.12590498e-09
2.47536598e-08
-2.77546751e-09
2.27317158e-08
-4.39357396e-09
1.96263028e-08
-5.93166877e-09
1.54882003e-08
-7.32234251e-09
1.05704017e-08
-8.47673736e-09
5.50164578e-09
-9.16554367e-09
1.47480355e-09
-8.65096421e-09
-5.00303447e-09
1.4564729e-09
-2.78930667e-11
5.02003387e-09
-1.12321852e-10
1.00491058e-08
-2.40777389e-10
1.60408981e-08
-4.04651081e-10
2.24734203e-08
-5.91036687e-10
2.8878162e-08
-7.84515664e-10
3.48670272e-08
-9.6956403e-10
4.01274482e-08
-1.13097918e-09
4.44073993e-08
-1.25372037e-09
4.75071935e-08
-1.32736695e-09
4.93044915e-08
-1.34710921e-09
4.94921109e-08
-1.31352411e-09
4.79346647e-08
-1.21802163e-09
4.45809525e-08
-1.03986166e-09
3.9432961e-08
-7.83677599e-10
3.25692625e-08
-4.58644138e-10
2.41934086e-08
-1.00883702e-10
1.47237159e-08
3.04148773e-10
5.48831902e-09
5.84432393e-10
4.85284556e-10
1.45360429e-09
-1.4814973e-09
4.98619698e-09
-3.6449141e-09
9.92022949e-09
-5.17480995e-09
1.57501641e-08
-6.23458527e-09
2.19637292e-08
-6.80460188e-09
2.81062318e-08
-6.92701786e-09
3.38016205e-08
-6.66495294e-09
3.87489342e-08
-6.07829256e-09
4.27146964e-08
-5.21948276e-09
4.55147558e-08
-4.12742614e-09
4.69887947e-08
-2.82114824e-09
4.70055575e-08
-1.33028684e-09
4.55215928e-08
2.65942934e-10
4.21940614e-08
2.28766973e-09
3.71516766e-08
4.25870707e-09
3.04971566e-08
6.19587588e-09
2.24158297e-08
7.9804431e-09
1.34456954e-08
9.27428306e-09
4.8986318e-09
9.13149592e-09
5.38391637e-09
5.63455294e-10
-2.04495228e-09
2.32557717e-09
-5.40703568e-09
5.05253768e-09
-7.90177016e-09
8.3194614e-09
-9.50150883e-09
1.17486195e-08
-1.02337597e-08
1.50225708e-08
-1.0200969e-08
1.79020802e-08
-9.54446212e-09
2.02296579e-08
-8.40587016e-09
2.19160151e-08
-6.90583972e-09
2.29191816e-08
-5.13059255e-09
2.32151556e-08
-3.11712194e-09
2.27214995e-08
-8.36630664e-10
2.13118505e-08
1.67559223e-09
1.91953696e-08
4.40415079e-09
1.62008216e-08
7.25325533e-09
1.23835619e-08
1.00131358e-08
8.02160846e-09
1.23423968e-08
3.77850367e-09
1.35173881e-08
7.47036758e-10
1.21629631e-08
6.13095315e-09
6.02230816e-10
-2.64718281e-09
2.00692513e-09
-6.81173008e-09
3.83741642e-09
-9.73226111e-09
5.77069755e-09
-1.14347903e-08
7.55017635e-09
-1.20132381e-08
9.00600522e-09
-1.16567983e-08
1.00373215e-08
-1.05757779e-08
1.05957273e-08
-8.96427639e-09
1.06783249e-08
-6.98843677e-09
1.03168051e-08
-4.76907302e-09
9.57196272e-09
-2.37227901e-09
8.53978672e-09
1.95545114e-10
7.22700873e-09
2.98837077e-09
5.60924385e-09
6.02191562e-09
3.70540934e-09
9.15709032e-09
1.65883827e-09
1.2059707e-08
-1.6073043e-10
1.41619659e-08
-1.20747529e-09
1.45641334e-08
-9.39269691e-10
1.18947578e-08
5.19168347e-09
5.00185146e-10
-3.14736799e-09
1.48649028e-09
-7.79803582e-09
2.56149888e-09
-1.08072696e-08
3.51913291e-09
-1.23924251e-08
4.22175988e-09
-1.27158648e-08
4.61865214e-09
-1.20536916e-08
4.68008484e-09
-1.06372103e-08
4.4104472e-09
-8.69463969e-09
3.81743913e-09
-6.39542825e-09
2.91872759e-09
-3.8703623e-09
1.74429689e-09
-1.19784784e-09
3.51668197e-10
1.58817316e-09
-1.13723929e-09
4.47727871e-09
-2.5641577e-09
7.44883369e-09
-3.74447025e-09
1.03374032e-08
-4.43190003e-09
1.27471369e-08
-4.29839236e-09
1.40284584e-08
-3.09257559e-09
1.33583168e-08
-1.21845336e-09
1.00206358e-08
3.97323012e-09
2.24667336e-10
-3.37203535e-09
5.09879821e-10
-8.08324902e-09
6.92206149e-10
-1.09895958e-08
6.5474688e-10
-1.23549668e-08
4.3521113e-10
-1.24963287e-08
4.98067928e-11
-1.16682883e-08
-4.81068184e-10
-1.01063349e-08
-1.17538625e-09
-8.00032273e-09
-2.03381191e-09
-5.53700197e-09
-3.04587083e-09
-2.85830438e-09
-4.20287097e-09
-4.08470707e-11
-5.39765907e-09
2.78296049e-09
-6.52740838e-09
5.60702861e-09
-7.37369598e-09
8.29512092e-09
-7.65798031e-09
1.0621688e-08
-7.11256325e-09
1.22017199e-08
-5.60704019e-09
1.25229357e-08
-3.3483618e-09
1.10996386e-08
-1.08995418e-09
7.76222845e-09
2.88327596e-09
-1.15265334e-10
-3.25677001e-09
-5.26269758e-10
-7.6722453e-09
-1.17354098e-09
-1.03423243e-08
-1.98832038e-09
-1.15401883e-08
-2.89315072e-09
-1.15914979e-08
-3.83316328e-09
-1.07282768e-08
-4.78621833e-09
-9.15327925e-09
-5.73910875e-09
-7.04743341e-09
-6.69533822e-09
-4.58077171e-09
-7.64613388e-09
-1.90750974e-09
-8.52696024e-09
8.39980077e-10
-9.2794407e-09
3.53544017e-09
-9.74525286e-09
6.07284152e-09
-9.73221763e-09
8.28208535e-09
-9.03764056e-09
9.92711149e-09
-7.54347986e-09
1.07075594e-08
-5.34707994e-09
1.03265361e-08
-2.8750126e-09
8.62757167e-09
-8.46012514e-10
5.73322873e-09
2.03726347e-09
-3.91941902e-10
-2.86482814e-09
-1.28089794e-09
-6.78328993e-09
-2.47363969e-09
-9.14958231e-09
-3.79234784e-09
-1.02214809e-08
-5.13590961e-09
-1.02479356e-08
-6.42411902e-09
-9.44006839e-09
-7.60185096e-09
-7.97554672e-09
-8.63590161e-09
-6.01338382e-09
-9.5085315e-09
-3.70814104e-09
-1.02004068e-08
-1.21563549e-09
-1.06621527e-08
1.30172679e-09
-1.08234359e-08
3.69672261e-09
-1.05712935e-08
5.82069989e-09
-9.79073087e-09
7.50152247e-09
-8.41286873e-09
8.54924998e-09
-6.48804241e-09
8.78273324e-09
-4.251145e-09
8.0896392e-09
-2.11996461e-09
6.49639172e-09
-5.78588491e-10
4.19185303e-09
1.458675e-09
-4.4384341e-10
-2.4209848e-09
-1.38542742e-09
-5.84170657e-09
-2.62586406e-09
-7.90914549e-09
-3.98926478e-09
-8.85808094e-09
-5.38288823e-09
-8.8543118e-09
-6.7219358e-09
-8.10102172e-09
-7.92190781e-09
-6.77557419e-09
-8.90778012e-09
-5.02751252e-09
-9.62354621e-09
-2.99237423e-09
-1.00308759e-08
-8.08306741e-10
-1.01034942e-08
1.37434581e-09
-9.80686167e-09
3.40008936e-09
-9.09850943e-09
5.11234838e-09
-7.9594385e-09
6.36245126e-09
-6.43116829e-09
7.02098038e-09
-4.6503121e-09
7.00187726e-09
-2.85413848e-09
6.29346602e-09
-1.33276999e-09
4.97502364e-09
-3.36928197e-10
3.19601165e-09
1.12174682e-09
-2.69096324e-10
-2.15188854e-09
-8.923893e-10
-5.21841417e-09
-1.7235936e-09
-7.07794103e-09
-2.70017422e-09
-7.88150097e-09
-3.76486382e-09
-7.78962185e-09
-4.84471333e-09
-7.021173e-09
-5.85420935e-09
-5.76607771e-09
-6.69942209e-09
-4.18230066e-09
-7.2929118e-09
-2.39888389e-09
-7.56924769e-09
-5.31971697e-10
-7.49936841e-09
1.30446718e-09
-7.07725868e-09
2.977979e-09
-6.32103936e-09
4.35612972e-09
-5.27977005e-09
5.32118172e-09
-4.04608109e-09
5.78729197e-09
-2.76003699e-09
5.71583335e-09
-1.59027097e-09
5.1237004e-09
-6.91494695e-10
4.07624774e-09
-1.578911e-10
2.66240842e-09
9.63855734e-10
-6.40023024e-11
-2.0878863e-09
-2.812127e-10
-5.00120427e-09
-6.49183235e-10
-6.70997037e-09
-1.14833089e-09
-7.38235388e-09
-1.75845638e-09
-7.17949608e-09
-2.42835955e-09
-6.35127052e-09
-3.1002689e-09
-5.09416796e-09
-3.70380056e-09
-3.57876976e-09
-4.16203543e-09
-1.94064849e-09
-4.40063264e-09
-2.93375194e-10
-4.38485759e-09
1.28869269e-09
-4.10145763e-09
2.69457855e-09
-3.58052267e-09
3.83519533e-09
-2.88667358e-09
4.62733246e-09
-2.11112126e-09
5.01174012e-09
-1.35897576e-09
4.96368802e-09
-7.2853895e-10
4.49326394e-09
-2.87128786e-10
3.6348379e-09
-5.44611619e-11
2.42974111e-09
9.09394585e-10
1.18877128e-11
-2.09977403e-09
-4.18419659e-11
-4.94747498e-09
-1.91342308e-10
-6.56046991e-09
-4.65771822e-10
-7.10792484e-09
-8.08121098e-10
-6.83714656e-09
-1.19299622e-09
-5.96639597e-09
-1.58074955e-09
-4.7064143e-09
-1.93212839e-09
-3.22739153e-09
-2.2076864e-09
-1.66509003e-09
-2.3678945e-09
-1.33167649e-10
-2.37999387e-09
1.30079252e-09
-2.2300776e-09
2.54466192e-09
-1.93471348e-09
3.53983167e-09
-1.53809279e-09
4.23071167e-09
-1.10228865e-09
4.57593638e-09
-6.92491807e-10
4.55389133e-09
-3.61536903e-10
4.16230933e-09
-1.38472974e-10
3.41177424e-09
-2.52133807e-11
2.31648178e-09
8.84181215e-10
-1.53970378e-11
-2.08437701e-09
-1.11694805e-10
-4.85117754e-09
-3.10859063e-10
-6.36130557e-09
-6.0253812e-10
-6.81624618e-09
-9.4557206e-10
-6.49411243e-09
-1.29500207e-09
-5.61696644e-09
-1.60945007e-09
-4.39196604e-09
-1.85713712e-09
-2.97970496e-09
-2.01766262e-09
-1.50456419e-09
-2.08468934e-09
-6.61413508e-11
-2.04131618e-09
1.25741972e-09
-1.89391102e-09
2.39725649e-09
-1.65519262e-09
3.30111364e-09
-1.35118129e-09
3.92670027e-09
-1.0178808e-09
4.24263621e-09
-6.93457496e-10
4.22946816e-09
-4.10378868e-10
3.87923093e-09
-1.9141081e-10
3.19280639e-09
-5.08870315e-11
2.1759582e-09
8.33294192e-10
-6.62729209e-11
-2.01810407e-09
-2.71302407e-10
-4.64614828e-09
-6.0870615e-10
-6.02390173e-09
-1.03945892e-09
-6.3854937e-09
-1.52105571e-09
-6.01251548e-09
-1.99017704e-09
-5.14784545e-09
-2.39201013e-09
-3.99013273e-09
-2.68638515e-09
-2.68533028e-09
-2.85109835e-09
-1.33985072e-09
-2.88267491e-09
-3.45650761e-11
-2.78364893e-09
1.15839403e-09
-2.57112184e-09
2.18472922e-09
-2.26531369e-09
2.99530578e-09
-1.89138117e-09
3.55276772e-09
-1.47876709e-09
3.83002238e-09
-1.05942914e-09
3.81013032e-09
-6.66200687e-10
3.48600266e-09
-3.32877077e-10
2.85948295e-09
-9.62804658e-11
1.93936176e-09
7.37013733e-10
-1.01517104e-10
-1.91658695e-09
-3.95954514e-10
-4.35171104e-09
-8.64342107e-10
-5.55551406e-09
-1.46089006e-09
-5.78894595e-09
-2.11837857e-09
-5.35502683e-09
-2.7546094e-09
-4.51161486e-09
-3.29721208e-09
-3.44752989e-09
-3.69443874e-09
-2.28810384e-09
-3.91739597e-09
-1.11689327e-09
-3.95972338e-09
7.76215442e-12
-3.82536194e-09
1.02403282e-09
-3.53665611e-09
1.89602329e-09
-3.12175348e-09
2.58040337e-09
-2.61402196e-09
3.04503621e-09
-2.05088794e-09
3.26688855e-09
-1.47356196e-09
3.23280444e-09
-9.2727818e-10
2.93971903e-09
-4.6187345e-10
2.39407835e-09
-1.32364687e-10
1.60985312e-09
6.04649051e-10
-1.12063713e-10
-1.80452319e-09
-4.61741323e-10
-4.00203351e-09
-1.04808561e-09
-4.96916969e-09
-1.81379181e-09
-5.02323986e-09
-2.65462054e-09
-4.51419798e-09
-3.45851828e-09
-3.70771725e-09
-4.13432778e-09
-2.77172024e-09
-4.6217161e-09
-1.80071565e-09
-4.88925676e-09
-8.4935243e-10
-4.92614304e-09
4.46483364e-11
-4.74770865e-09
8.4559861e-10
-4.37575133e-09
1.52406593e-09
-3.84564065e-09
2.05029285e-09
-3.20081987e-09
2.40021546e-09
-2.49094078e-09
2.55700961e-09
-1.77068927e-09
2.51255303e-09
-1.09887978e-09
2.26790966e-09
-5.37404673e-10
1.83260334e-09
-1.49871221e-10
1.22231977e-09
4.54777833e-10
-9.77250742e-11
-1.70679807e-09
-4.97668968e-10
-3.60208967e-09
-1.2334338e-09
-4.23340478e-09
-2.20058046e-09
-4.05609326e-09
-3.23656704e-09
-3.4782113e-09
-4.19236666e-09
-2.75191771e-09
-4.96408075e-09
-2.00000603e-09
-5.49297833e-09
-1.27181815e-09
-5.75477635e-09
-5.87554268e-10
-5.74960276e-09
3.94746954e-11
-5.49530054e-09
5.91296523e-10
-5.02381599e-09
1.05258138e-09
-4.37852257e-09
1.40499957e-09
-3.6119666e-09
1.63365953e-09
-2.7836254e-09
1.72866853e-09
-1.95771025e-09
1.68663796e-09
-1.20089189e-09
1.51109138e-09
-5.79961814e-10
1.21167334e-09
-1.59382681e-10
8.01740699e-10
2.95395154e-10
-1.06285167e-10
-1.60051285e-09
-6.61862236e-10
-3.04651262e-09
-1.6523937e-09
-3.24287323e-09
-2.86508978e-09
-2.84339721e-09
-4.06795385e-09
-2.27534713e-09
-5.10186232e-09
-1.71800927e-09
-5.88182207e-09
-1.22004616e-09
-6.3699103e-09
-7.83729953e-10
-6.55839331e-09
-3.99071123e-10
-6.45971642e-09
-5.92022129e-11
-6.10321392e-09
2.34794146e-10
-5.52775167e-09
4.77119149e-10
-4.78217815e-09
6.59426159e-10
-3.92292673e-09
7.74408151e-10
-3.01187034e-09
8.17612242e-10
-2.11392931e-09
7.88697e-10
-1.29556352e-09
6.92725649e-10
-6.24527333e-10
5.40637202e-10
-1.70456988e-10
3.47670402e-10
1.24938168e-10
-1.97352173e-10
-1.40316062e-09
-1.27464332e-09
-1.96922147e-09
-2.65929858e-09
-1.8582179e-09
-4.02830706e-09
-1.47438874e-09
-5.15403285e-09
-1.14962125e-09
-5.98026586e-09
-8.91776276e-10
-6.52692558e-09
-6.73386338e-10
-6.80452393e-09
-5.06131613e-10
-6.81807959e-09
-3.85515347e-10
-6.58621713e-09
-2.9106468e-10
-6.13793684e-09
-2.13486029e-10
-5.51003374e-09
-1.50783924e-10
-4.74621942e-09
-1.04388063e-10
-3.89680091e-09
-7.50103097e-11
-3.0164592e-09
-6.272938e-11
-2.15796336e-09
-6.97987853e-11
-1.36921242e-09
-9.60252332e-11
-6.99930173e-10
-1.28645013e-10
-2.13009039e-10
-1.39250698e-10
-8.80708695e-11
-8.33340308e-10
-2.23098223e-09
-3.51586119e-09
-4.41515179e-09
-4.9879155e-09
-5.30107504e-09
-5.39408523e-09
-5.31808152e-09
-5.11970211e-09
-4.82511286e-09
-4.45118555e-09
-4.01279693e-09
-3.52625307e-09
-3.00857222e-09
-2.4768511e-09
-1.95044012e-09
-1.4484963e-09
-9.77412975e-10
-5.15176038e-10
)
;

boundaryField
{
    inner_wall
    {
        type            calculated;
        value           uniform 0;
    }
    outer_wall
    {
        type            calculated;
        value           uniform 0;
    }
    top
    {
        type            calculated;
        value           nonuniform List<scalar> 
20
(
-5.69820265e-10
-5.71579562e-10
-5.73338859e-10
-5.75098156e-10
-5.76857453e-10
-5.7861675e-10
-5.80376047e-10
-5.82135344e-10
-5.83894641e-10
-5.85653938e-10
-5.87413235e-10
-5.89172532e-10
-5.90931829e-10
-5.92691126e-10
-5.94450423e-10
-5.9620972e-10
-5.97969017e-10
-5.99728314e-10
-6.01487611e-10
-6.03246908e-10
)
;
    }
    bottom
    {
        type            calculated;
        value           nonuniform List<scalar> 
20
(
-3.27170849e-09
-4.37547312e-09
-4.79936667e-09
-4.82841192e-09
-4.78818943e-09
-4.71043959e-09
-4.56636368e-09
-4.29066324e-09
-3.76830349e-09
-2.79045586e-09
-1.10091439e-09
1.43442265e-09
4.22096807e-09
6.66222292e-09
8.4520923e-09
9.3494706e-09
9.18499083e-09
7.90608228e-09
5.57335939e-09
2.23736519e-09
)
;
    }
    front
    {
        type            wedge;
        value           nonuniform List<scalar> 
800
(
-1.56030101e-08
-1.9938954e-08
-2.04600748e-08
-2.09010212e-08
-2.13494067e-08
-2.19127465e-08
-2.26573138e-08
-2.21035616e-08
-2.13754114e-08
-2.07067112e-08
-2.00388809e-08
-1.95739312e-08
-1.97132463e-08
-2.02429371e-08
-2.08105364e-08
-2.13010374e-08
-2.16987668e-08
-2.20198077e-08
-2.22847379e-08
-2.25266599e-08
-2.28994766e-08
-2.29327616e-08
-2.26042807e-08
-2.241755e-08
-2.22562595e-08
-2.21178044e-08
-2.20254854e-08
-2.19917016e-08
-2.20116423e-08
-2.20446195e-08
-2.20353964e-08
-2.19627051e-08
-2.18516545e-08
-2.1730741e-08
-2.16097994e-08
-2.14838828e-08
-2.13389608e-08
-2.11559362e-08
-2.08496185e-08
-1.78388299e-08
-7.01800004e-09
-1.26232185e-08
-1.46333112e-08
-1.60524572e-08
-1.73624905e-08
-1.90445247e-08
-2.125617e-08
-1.95672979e-08
-1.74084837e-08
-1.55768776e-08
-1.39498164e-08
-1.29638904e-08
-1.33239002e-08
-1.45483098e-08
-1.59577732e-08
-1.72776976e-08
-1.840639e-08
-1.93459207e-08
-2.0134929e-08
-2.08630726e-08
-2.19842446e-08
-2.2075712e-08
-2.10866111e-08
-2.05269333e-08
-2.00493601e-08
-1.96493488e-08
-1.93917088e-08
-1.93045701e-08
-1.93653137e-08
-1.94543362e-08
-1.94174544e-08
-1.91972639e-08
-1.88681974e-08
-1.85117766e-08
-1.81550037e-08
-1.77824234e-08
-1.73498593e-08
-1.67479213e-08
-1.54745981e-08
-1.05505621e-08
-2.92951363e-09
-6.96093434e-09
-9.51106712e-09
-1.16786997e-08
-1.36883218e-08
-1.63940672e-08
-1.99409345e-08
-1.71783097e-08
-1.38901647e-08
-1.15101187e-08
-9.70997076e-09
-8.76726132e-09
-9.30615487e-09
-1.07335911e-08
-1.23747584e-08
-1.40014854e-08
-1.5512408e-08
-1.68685718e-08
-1.8078887e-08
-1.92569693e-08
-2.11018348e-08
-2.12289103e-08
-1.95918226e-08
-1.86739468e-08
-1.79141822e-08
-1.72940158e-08
-1.68988789e-08
-1.6760605e-08
-1.68423641e-08
-1.6966871e-08
-1.68972399e-08
-1.65430224e-08
-1.60171438e-08
-1.54466905e-08
-1.48734052e-08
-1.42717405e-08
-1.35645812e-08
-1.25626603e-08
-1.06947558e-08
-6.08505499e-09
-1.1699046e-09
-3.69748166e-09
-6.05561741e-09
-8.38729067e-09
-1.06906241e-08
-1.41290827e-08
-1.87540031e-08
-1.51295494e-08
-1.12832809e-08
-9.10351662e-09
-7.66503665e-09
-6.91041771e-09
-7.63802228e-09
-9.15049333e-09
-1.06367813e-08
-1.20419844e-08
-1.34493038e-08
-1.4866507e-08
-1.6278117e-08
-1.7797359e-08
-2.02866963e-08
-2.04191317e-08
-1.81882414e-08
-1.69651094e-08
-1.5999746e-08
-1.523344e-08
-1.47367216e-08
-1.45297985e-08
-1.45832889e-08
-1.47066504e-08
-1.46055896e-08
-1.41493826e-08
-1.34694452e-08
-1.27257202e-08
-1.19733029e-08
-1.11824451e-08
-1.02626429e-08
-9.02813782e-09
-7.07877192e-09
-3.4997618e-09
-4.97914257e-10
-2.41511028e-09
-4.45857485e-09
-6.47639749e-09
-8.58929149e-09
-1.23333999e-08
-1.77200016e-08
-1.35289382e-08
-9.70274468e-09
-8.14373717e-09
-7.07875069e-09
-6.28526845e-09
-7.22103514e-09
-9.01946448e-09
-1.0347912e-08
-1.1350125e-08
-1.23440092e-08
-1.35005707e-08
-1.48552513e-08
-1.65504755e-08
-1.95605477e-08
-1.9665527e-08
-1.69314563e-08
-1.54982616e-08
-1.44400247e-08
-1.36228802e-08
-1.30651698e-08
-1.2761421e-08
-1.27142748e-08
-1.27798438e-08
-1.26481824e-08
-1.21332424e-08
-1.13551506e-08
-1.04928031e-08
-9.61441312e-09
-8.69559502e-09
-7.65700664e-09
-6.36767944e-09
-4.62205865e-09
-2.04336521e-09
-3.47429099e-10
-2.44960933e-09
-4.31574014e-09
-5.79686132e-09
-7.3694929e-09
-1.10094417e-08
-1.68456734e-08
-1.23772771e-08
-8.95913712e-09
-8.07412237e-09
-7.16683709e-09
-6.07375777e-09
-7.20475779e-09
-9.48002712e-09
-1.077516e-08
-1.14457393e-08
-1.199052e-08
-1.27416596e-08
-1.38493763e-08
-1.55530531e-08
-1.89351487e-08
-1.89816529e-08
-1.58631257e-08
-1.4340944e-08
-1.33160224e-08
-1.25491153e-08
-1.19748571e-08
-1.15523648e-08
-1.1328801e-08
-1.12630785e-08
-1.10872935e-08
-1.05539357e-08
-9.73469504e-09
-8.81069346e-09
-7.86267709e-09
-6.87828743e-09
-5.80003751e-09
-4.55512846e-09
-3.07435829e-09
-1.2335417e-09
-5.18200427e-10
-3.27900761e-09
-5.04276584e-09
-5.93645273e-09
-6.83722405e-09
-1.01000975e-08
-1.61243461e-08
-1.16046079e-08
-8.75860648e-09
-8.41554555e-09
-7.50147601e-09
-5.95749766e-09
-7.23886376e-09
-1.00274836e-08
-1.13660069e-08
-1.18437524e-08
-1.20608626e-08
-1.24299505e-08
-1.3216502e-08
-1.48076721e-08
-1.84143128e-08
-1.8376802e-08
-1.50044694e-08
-1.3512368e-08
-1.262849e-08
-1.19937132e-08
-1.14471388e-08
-1.09070942e-08
-1.04551286e-08
-1.01819819e-08
-9.92593523e-09
-9.39643216e-09
-8.58293626e-09
-7.64597419e-09
-6.67457505e-09
-5.67000783e-09
-4.59508671e-09
-3.41767469e-09
-2.14891156e-09
-7.84871239e-10
-9.91173819e-10
-4.54125794e-09
-6.10829937e-09
-6.45416034e-09
-6.74199238e-09
-9.52341927e-09
-1.55433204e-08
-1.11184225e-08
-8.84192765e-09
-8.87183877e-09
-7.90005789e-09
-5.85563365e-09
-7.22128778e-09
-1.04346207e-08
-1.18554263e-08
-1.22583366e-08
-1.22902746e-08
-1.2381126e-08
-1.28682015e-08
-1.42909366e-08
-1.79956244e-08
-1.78564669e-08
-1.43554857e-08
-1.29838715e-08
-1.23044363e-08
-1.18443036e-08
-1.13592367e-08
-1.07261084e-08
-1.00380464e-08
-9.50548872e-09
-9.11828335e-09
-8.58998616e-09
-7.81111607e-09
-6.89522718e-09
-5.93078398e-09
-4.93074169e-09
-3.87271588e-09
-2.74753289e-09
-1.6126108e-09
-5.35119264e-10
-1.8226315e-09
-5.93649297e-09
-7.11849757e-09
-7.03014181e-09
-6.87679198e-09
-9.19986902e-09
-1.50879842e-08
-1.08348102e-08
-9.0333921e-09
-9.28946882e-09
-8.27374468e-09
-5.7515298e-09
-7.12347147e-09
-1.06181481e-08
-1.21727451e-08
-1.25833312e-08
-1.25344969e-08
-1.24572431e-08
-1.27153295e-08
-1.3968497e-08
-1.76724129e-08
-1.74229177e-08
-1.39003689e-08
-1.26970007e-08
-1.22337339e-08
-1.19456463e-08
-1.15317603e-08
-1.08353826e-08
-9.94556348e-09
-9.14906041e-09
-8.58790386e-09
-8.0373152e-09
-7.30201829e-09
-6.42625143e-09
-5.48544397e-09
-4.50063755e-09
-3.45988013e-09
-2.36570843e-09
-1.30395203e-09
-3.93724494e-10
-3.06673323e-09
-7.17464645e-09
-7.87094616e-09
-7.5190711e-09
-7.12068861e-09
-9.0679552e-09
-1.47437077e-08
-1.06912762e-08
-9.2415038e-09
-9.60884646e-09
-8.56193261e-09
-5.63941797e-09
-6.92006373e-09
-1.06036303e-08
-1.23196061e-08
-1.28073302e-08
-1.27466264e-08
-1.25864852e-08
-1.26953608e-08
-1.38092943e-08
-1.74358193e-08
-1.7076048e-08
-1.36164487e-08
-1.2588045e-08
-1.23114145e-08
-1.21569642e-08
-1.17920668e-08
-1.10439765e-08
-1.00037386e-08
-8.98736306e-09
-8.24156338e-09
-7.63907889e-09
-6.94044123e-09
-6.11226824e-09
-5.20381928e-09
-4.23973612e-09
-3.21611204e-09
-2.14177626e-09
-1.12043288e-09
-3.10776634e-10
-4.66961539e-09
-8.03284053e-09
-8.37067621e-09
-7.91603361e-09
-7.43588019e-09
-9.09726266e-09
-1.44956463e-08
-1.06481715e-08
-9.44600385e-09
-9.82893899e-09
-8.71748295e-09
-5.5132617e-09
-6.60867654e-09
-1.04040099e-08
-1.23013679e-08
-1.29355713e-08
-1.29340466e-08
-1.27520369e-08
-1.27825004e-08
-1.37995666e-08
-1.72748359e-08
-1.68148135e-08
-1.34840096e-08
-1.26083669e-08
-1.24651607e-08
-1.23832751e-08
-1.20140192e-08
-1.11955308e-08
-1.00447904e-08
-8.87878491e-09
-7.97832004e-09
-7.30651524e-09
-6.63055757e-09
-5.85046903e-09
-4.98023106e-09
-4.04325984e-09
-3.0422152e-09
-1.99009101e-09
-1.00037006e-09
-2.5884335e-10
-6.26969866e-09
-8.50834515e-09
-8.70340384e-09
-8.27529189e-09
-7.85148419e-09
-9.35285228e-09
-1.43051559e-08
-1.06858936e-08
-9.68714489e-09
-9.97144418e-09
-8.71656246e-09
-5.35502478e-09
-6.19357668e-09
-1.00150006e-08
-1.21116245e-08
-1.29697073e-08
-1.31054204e-08
-1.29619018e-08
-1.29871924e-08
-1.39814876e-08
-1.71606883e-08
-1.66373801e-08
-1.34968731e-08
-1.27353016e-08
-1.2660038e-08
-1.25708276e-08
-1.21183458e-08
-1.11884883e-08
-9.9423494e-09
-8.69146637e-09
-7.69632155e-09
-6.96626205e-09
-6.30232024e-09
-5.56726552e-09
-4.74130501e-09
-3.84178649e-09
-2.87570523e-09
-1.85858033e-09
-9.07661776e-10
-2.22756624e-10
-7.11069543e-09
-8.67970585e-09
-8.9396306e-09
-8.67995259e-09
-8.41154927e-09
-9.82021575e-09
-1.41581065e-08
-1.08154929e-08
-9.97734955e-09
-1.006877e-08
-8.57976112e-09
-5.12239261e-09
-5.68137482e-09
-9.42479471e-09
-1.17145885e-08
-1.28736801e-08
-1.32561505e-08
-1.32447369e-08
-1.33403391e-08
-1.43504932e-08
-1.70726454e-08
-1.65344367e-08
-1.36841325e-08
-1.29687161e-08
-1.2873684e-08
-1.26792148e-08
-1.20507668e-08
-1.09562785e-08
-9.61701453e-09
-8.33268183e-09
-7.3105891e-09
-6.55735822e-09
-5.9074334e-09
-5.21639266e-09
-4.44220292e-09
-3.59419063e-09
-2.68079634e-09
-1.71827406e-09
-8.22193514e-10
-1.94152807e-10
-7.35313795e-09
-8.59056818e-09
-9.08599702e-09
-9.1622895e-09
-9.14183816e-09
-1.04544228e-08
-1.40267294e-08
-1.10862824e-08
-1.03264903e-08
-1.01017501e-08
-8.27374923e-09
-4.79092794e-09
-5.08168726e-09
-8.62204982e-09
-1.10521103e-08
-1.25595745e-08
-1.33199164e-08
-1.35901116e-08
-1.38480815e-08
-1.48440663e-08
-1.7000162e-08
-1.64808946e-08
-1.40835164e-08
-1.33232268e-08
-1.30854321e-08
-1.26457917e-08
-1.17388576e-08
-1.04418992e-08
-9.02552932e-09
-7.7558608e-09
-6.76804888e-09
-6.03571546e-09
-5.41472188e-09
-4.77282615e-09
-4.06053703e-09
-3.2806025e-09
-2.44039967e-09
-1.55509553e-09
-7.33634581e-10
-1.68523575e-10
-7.10377689e-09
-8.2132332e-09
-9.04302304e-09
-9.61978287e-09
-9.9764472e-09
-1.11812458e-08
-1.39057503e-08
-1.14754772e-08
-1.06969441e-08
-9.97308103e-09
-7.73990626e-09
-4.34045018e-09
-4.40769901e-09
-7.60655119e-09
-1.00623108e-08
-1.18898338e-08
-1.31267481e-08
-1.38578864e-08
-1.44066594e-08
-1.53641846e-08
-1.69328937e-08
-1.64631653e-08
-1.46042306e-08
-1.37474339e-08
-1.31883987e-08
-1.23378273e-08
-1.1079407e-08
-9.59315736e-09
-8.15155714e-09
-6.95213334e-09
-6.05000846e-09
-5.37910726e-09
-4.80871791e-09
-4.22767128e-09
-3.59050112e-09
-2.89633227e-09
-2.15007484e-09
-1.36446748e-09
-6.37538798e-10
-1.43570786e-10
-6.4264122e-09
-7.46792854e-09
-8.61260531e-09
-9.7760863e-09
-1.06818437e-08
-1.18684622e-08
-1.3785401e-08
-1.18977631e-08
-1.09206817e-08
-9.50485674e-09
-6.91033757e-09
-3.759102e-09
-3.67515737e-09
-6.39952745e-09
-8.71039929e-09
-1.07136364e-08
-1.24008242e-08
-1.37160329e-08
-1.47305439e-08
-1.57443426e-08
-1.68415755e-08
-1.64439381e-08
-1.5043202e-08
-1.39832947e-08
-1.2906733e-08
-1.15400889e-08
-9.95858279e-09
-8.37961346e-09
-7.00685552e-09
-5.94104491e-09
-5.16551036e-09
-4.58704497e-09
-4.08933048e-09
-3.5849994e-09
-3.03829591e-09
-2.4471222e-09
-1.81367476e-09
-1.14775348e-09
-5.32966758e-10
-1.18291285e-10
-5.3758111e-09
-6.29271522e-09
-7.58043819e-09
-9.21741353e-09
-1.07826841e-08
-1.2211909e-08
-1.3569903e-08
-1.20750529e-08
-1.06079899e-08
-8.46106173e-09
-5.74053669e-09
-3.05165829e-09
-2.89973017e-09
-5.04726152e-09
-7.02138741e-09
-8.94449049e-09
-1.08517227e-08
-1.26686715e-08
-1.42786854e-08
-1.56095375e-08
-1.65554609e-08
-1.62300963e-08
-1.49608121e-08
-1.34845911e-08
-1.18043662e-08
-1.00217456e-08
-8.31121057e-09
-6.82012282e-09
-5.63422352e-09
-4.76177263e-09
-4.14167082e-09
-3.67641652e-09
-3.270342e-09
-2.85944177e-09
-2.4185101e-09
-1.94536608e-09
-1.44008942e-09
-9.09780938e-10
-4.21014635e-10
-9.24520202e-11
-4.02878419e-09
-4.72023269e-09
-5.86492252e-09
-7.57744925e-09
-9.57761995e-09
-1.14771738e-08
-1.27343221e-08
-1.12706491e-08
-9.15309285e-09
-6.65790758e-09
-4.25638582e-09
-2.24291031e-09
-2.0938128e-09
-3.61220676e-09
-5.09040386e-09
-6.64326343e-09
-8.36574014e-09
-1.02755362e-08
-1.22844667e-08
-1.41193781e-08
-1.53487963e-08
-1.50666332e-08
-1.34949074e-08
-1.15137842e-08
-9.50125838e-09
-7.69662233e-09
-6.18907874e-09
-4.99500688e-09
-4.10035117e-09
-3.46318054e-09
-3.01495533e-09
-2.67569881e-09
-2.37602514e-09
-2.07309995e-09
-1.75067472e-09
-1.40685163e-09
-1.04063082e-09
-6.56955407e-10
-3.03740058e-10
-6.62062225e-11
-2.48283931e-09
-2.88912431e-09
-3.63134949e-09
-4.86617817e-09
-6.56544326e-09
-8.52052345e-09
-9.86451669e-09
-8.33765759e-09
-6.17068215e-09
-4.16778576e-09
-2.57542881e-09
-1.36808513e-09
-1.26542023e-09
-2.15348703e-09
-3.04893186e-09
-4.02244228e-09
-5.16565926e-09
-6.55816351e-09
-8.25012499e-09
-1.01264534e-08
-1.16089233e-08
-1.13626753e-08
-9.60470243e-09
-7.67694734e-09
-6.0424613e-09
-4.75592897e-09
-3.76670622e-09
-3.02084367e-09
-2.47701225e-09
-2.09415844e-09
-1.82474432e-09
-1.61900998e-09
-1.43590959e-09
-1.25110183e-09
-1.05549601e-09
-8.47738755e-10
-6.26791071e-10
-3.95748217e-10
-1.83241227e-10
-3.9770171e-11
-8.34413815e-10
-9.61245883e-10
-1.20194195e-09
-1.61620059e-09
-2.24117771e-09
-3.10323678e-09
-3.82867974e-09
-3.03455391e-09
-2.09345099e-09
-1.37085268e-09
-8.46887114e-10
-4.57794256e-10
-4.21707885e-10
-7.08883741e-10
-1.00268871e-09
-1.32325983e-09
-1.70316351e-09
-2.17812826e-09
-2.80023319e-09
-3.61035599e-09
-4.39679153e-09
-4.27961018e-09
-3.39538537e-09
-2.59799333e-09
-2.0101355e-09
-1.57442019e-09
-1.24640591e-09
-1.00115693e-09
-8.22752819e-10
-6.96844431e-10
-6.07726819e-10
-5.39168562e-10
-4.77874303e-10
-4.16060264e-10
-3.508324e-10
-2.81698137e-10
-2.08238948e-10
-1.31551766e-10
-6.10905806e-11
-1.32537076e-11
)
;
    }
    back
    {
        type            wedge;
        value           nonuniform List<scalar> 
800
(
1.56030101e-08
1.9938954e-08
2.04600748e-08
2.09010212e-08
2.13494067e-08
2.19127465e-08
2.26573138e-08
2.21035616e-08
2.13754114e-08
2.07067112e-08
2.00388809e-08
1.95739312e-08
1.97132463e-08
2.02429371e-08
2.08105364e-08
2.13010374e-08
2.16987668e-08
2.20198077e-08
2.22847379e-08
2.25266599e-08
2.28994766e-08
2.29327616e-08
2.26042807e-08
2.241755e-08
2.22562595e-08
2.21178044e-08
2.20254854e-08
2.19917016e-08
2.20116423e-08
2.20446195e-08
2.20353964e-08
2.19627051e-08
2.18516545e-08
2.1730741e-08
2.16097994e-08
2.14838828e-08
2.13389608e-08
2.11559362e-08
2.08496185e-08
1.78388299e-08
7.01800004e-09
1.26232185e-08
1.46333112e-08
1.60524572e-08
1.73624905e-08
1.90445247e-08
2.125617e-08
1.95672979e-08
1.74084837e-08
1.55768776e-08
1.39498164e-08
1.29638904e-08
1.33239002e-08
1.45483098e-08
1.59577732e-08
1.72776976e-08
1.840639e-08
1.93459207e-08
2.0134929e-08
2.08630726e-08
2.19842446e-08
2.2075712e-08
2.10866111e-08
2.05269333e-08
2.00493601e-08
1.96493488e-08
1.93917088e-08
1.93045701e-08
1.93653137e-08
1.94543362e-08
1.94174544e-08
1.91972639e-08
1.88681974e-08
1.85117766e-08
1.81550037e-08
1.77824234e-08
1.73498593e-08
1.67479213e-08
1.54745981e-08
1.05505621e-08
2.92951363e-09
6.96093434e-09
9.51106712e-09
1.16786997e-08
1.36883218e-08
1.63940672e-08
1.99409345e-08
1.71783097e-08
1.38901647e-08
1.15101187e-08
9.70997076e-09
8.76726132e-09
9.30615487e-09
1.07335911e-08
1.23747584e-08
1.40014854e-08
1.5512408e-08
1.68685718e-08
1.8078887e-08
1.92569693e-08
2.11018348e-08
2.12289103e-08
1.95918226e-08
1.86739468e-08
1.79141822e-08
1.72940158e-08
1.68988789e-08
1.6760605e-08
1.68423641e-08
1.6966871e-08
1.68972399e-08
1.65430224e-08
1.60171438e-08
1.54466905e-08
1.48734052e-08
1.42717405e-08
1.35645812e-08
1.25626603e-08
1.06947558e-08
6.08505499e-09
1.1699046e-09
3.69748166e-09
6.05561741e-09
8.38729067e-09
1.06906241e-08
1.41290827e-08
1.87540031e-08
1.51295494e-08
1.12832809e-08
9.10351662e-09
7.66503665e-09
6.91041771e-09
7.63802228e-09
9.15049333e-09
1.06367813e-08
1.20419844e-08
1.34493038e-08
1.4866507e-08
1.6278117e-08
1.7797359e-08
2.02866963e-08
2.04191317e-08
1.81882414e-08
1.69651094e-08
1.5999746e-08
1.523344e-08
1.47367216e-08
1.45297985e-08
1.45832889e-08
1.47066504e-08
1.46055896e-08
1.41493826e-08
1.34694452e-08
1.27257202e-08
1.19733029e-08
1.11824451e-08
1.02626429e-08
9.02813782e-09
7.07877192e-09
3.4997618e-09
4.97914257e-10
2.41511028e-09
4.45857485e-09
6.47639749e-09
8.58929149e-09
1.23333999e-08
1.77200016e-08
1.35289382e-08
9.70274468e-09
8.14373717e-09
7.07875069e-09
6.28526845e-09
7.22103514e-09
9.01946448e-09
1.0347912e-08
1.1350125e-08
1.23440092e-08
1.35005707e-08
1.48552513e-08
1.65504755e-08
1.95605477e-08
1.9665527e-08
1.69314563e-08
1.54982616e-08
1.44400247e-08
1.36228802e-08
1.30651698e-08
1.2761421e-08
1.27142748e-08
1.27798438e-08
1.26481824e-08
1.21332424e-08
1.13551506e-08
1.04928031e-08
9.61441312e-09
8.69559502e-09
7.65700664e-09
6.36767944e-09
4.62205865e-09
2.04336521e-09
3.47429099e-10
2.44960933e-09
4.31574014e-09
5.79686132e-09
7.3694929e-09
1.10094417e-08
1.68456734e-08
1.23772771e-08
8.95913712e-09
8.07412237e-09
7.16683709e-09
6.07375777e-09
7.20475779e-09
9.48002712e-09
1.077516e-08
1.14457393e-08
1.199052e-08
1.27416596e-08
1.38493763e-08
1.55530531e-08
1.89351487e-08
1.89816529e-08
1.58631257e-08
1.4340944e-08
1.33160224e-08
1.25491153e-08
1.19748571e-08
1.15523648e-08
1.1328801e-08
1.12630785e-08
1.10872935e-08
1.05539357e-08
9.73469504e-09
8.81069346e-09
7.86267709e-09
6.87828743e-09
5.80003751e-09
4.55512846e-09
3.07435829e-09
1.2335417e-09
5.18200427e-10
3.27900761e-09
5.04276584e-09
5.93645273e-09
6.83722405e-09
1.01000975e-08
1.61243461e-08
1.16046079e-08
8.75860648e-09
8.41554555e-09
7.50147601e-09
5.95749766e-09
7.23886376e-09
1.00274836e-08
1.13660069e-08
1.18437524e-08
1.20608626e-08
1.24299505e-08
1.3216502e-08
1.48076721e-08
1.84143128e-08
1.8376802e-08
1.50044694e-08
1.3512368e-08
1.262849e-08
1.19937132e-08
1.14471388e-08
1.09070942e-08
1.04551286e-08
1.01819819e-08
9.92593523e-09
9.39643216e-09
8.58293626e-09
7.64597419e-09
6.67457505e-09
5.67000783e-09
4.59508671e-09
3.41767469e-09
2.14891156e-09
7.84871239e-10
9.91173819e-10
4.54125794e-09
6.10829937e-09
6.45416034e-09
6.74199238e-09
9.52341927e-09
1.55433204e-08
1.11184225e-08
8.84192765e-09
8.87183877e-09
7.90005789e-09
5.85563365e-09
7.22128778e-09
1.04346207e-08
1.18554263e-08
1.22583366e-08
1.22902746e-08
1.2381126e-08
1.28682015e-08
1.42909366e-08
1.79956244e-08
1.78564669e-08
1.43554857e-08
1.29838715e-08
1.23044363e-08
1.18443036e-08
1.13592367e-08
1.07261084e-08
1.00380464e-08
9.50548872e-09
9.11828335e-09
8.58998616e-09
7.81111607e-09
6.89522718e-09
5.93078398e-09
4.93074169e-09
3.87271588e-09
2.74753289e-09
1.6126108e-09
5.35119264e-10
1.8226315e-09
5.93649297e-09
7.11849757e-09
7.03014181e-09
6.87679198e-09
9.19986902e-09
1.50879842e-08
1.08348102e-08
9.0333921e-09
9.28946882e-09
8.27374468e-09
5.7515298e-09
7.12347147e-09
1.06181481e-08
1.21727451e-08
1.25833312e-08
1.25344969e-08
1.24572431e-08
1.27153295e-08
1.3968497e-08
1.76724129e-08
1.74229177e-08
1.39003689e-08
1.26970007e-08
1.22337339e-08
1.19456463e-08
1.15317603e-08
1.08353826e-08
9.94556348e-09
9.14906041e-09
8.58790386e-09
8.0373152e-09
7.30201829e-09
6.42625143e-09
5.48544397e-09
4.50063755e-09
3.45988013e-09
2.36570843e-09
1.30395203e-09
3.93724494e-10
3.06673323e-09
7.17464645e-09
7.87094616e-09
7.5190711e-09
7.12068861e-09
9.0679552e-09
1.47437077e-08
1.06912762e-08
9.2415038e-09
9.60884646e-09
8.56193261e-09
5.63941797e-09
6.92006373e-09
1.06036303e-08
1.23196061e-08
1.28073302e-08
1.27466264e-08
1.25864852e-08
1.26953608e-08
1.38092943e-08
1.74358193e-08
1.7076048e-08
1.36164487e-08
1.2588045e-08
1.23114145e-08
1.21569642e-08
1.17920668e-08
1.10439765e-08
1.00037386e-08
8.98736306e-09
8.24156338e-09
7.63907889e-09
6.94044123e-09
6.11226824e-09
5.20381928e-09
4.23973612e-09
3.21611204e-09
2.14177626e-09
1.12043288e-09
3.10776634e-10
4.66961539e-09
8.03284053e-09
8.37067621e-09
7.91603361e-09
7.43588019e-09
9.09726266e-09
1.44956463e-08
1.06481715e-08
9.44600385e-09
9.82893899e-09
8.71748295e-09
5.5132617e-09
6.60867654e-09
1.04040099e-08
1.23013679e-08
1.29355713e-08
1.29340466e-08
1.27520369e-08
1.27825004e-08
1.37995666e-08
1.72748359e-08
1.68148135e-08
1.34840096e-08
1.26083669e-08
1.24651607e-08
1.23832751e-08
1.20140192e-08
1.11955308e-08
1.00447904e-08
8.87878491e-09
7.97832004e-09
7.30651524e-09
6.63055757e-09
5.85046903e-09
4.98023106e-09
4.04325984e-09
3.0422152e-09
1.99009101e-09
1.00037006e-09
2.5884335e-10
6.26969866e-09
8.50834515e-09
8.70340384e-09
8.27529189e-09
7.85148419e-09
9.35285228e-09
1.43051559e-08
1.06858936e-08
9.68714489e-09
9.97144418e-09
8.71656246e-09
5.35502478e-09
6.19357668e-09
1.00150006e-08
1.21116245e-08
1.29697073e-08
1.31054204e-08
1.29619018e-08
1.29871924e-08
1.39814876e-08
1.71606883e-08
1.66373801e-08
1.34968731e-08
1.27353016e-08
1.2660038e-08
1.25708276e-08
1.21183458e-08
1.11884883e-08
9.9423494e-09
8.69146637e-09
7.69632155e-09
6.96626205e-09
6.30232024e-09
5.56726552e-09
4.74130501e-09
3.84178649e-09
2.87570523e-09
1.85858033e-09
9.07661776e-10
2.22756624e-10
7.11069543e-09
8.67970585e-09
8.9396306e-09
8.67995259e-09
8.41154927e-09
9.82021575e-09
1.41581065e-08
1.08154929e-08
9.97734955e-09
1.006877e-08
8.57976112e-09
5.12239261e-09
5.68137482e-09
9.42479471e-09
1.17145885e-08
1.28736801e-08
1.32561505e-08
1.32447369e-08
1.33403391e-08
1.43504932e-08
1.70726454e-08
1.65344367e-08
1.36841325e-08
1.29687161e-08
1.2873684e-08
1.26792148e-08
1.20507668e-08
1.09562785e-08
9.61701453e-09
8.33268183e-09
7.3105891e-09
6.55735822e-09
5.9074334e-09
5.21639266e-09
4.44220292e-09
3.59419063e-09
2.68079634e-09
1.71827406e-09
8.22193514e-10
1.94152807e-10
7.35313795e-09
8.59056818e-09
9.08599702e-09
9.1622895e-09
9.14183816e-09
1.04544228e-08
1.40267294e-08
1.10862824e-08
1.03264903e-08
1.01017501e-08
8.27374923e-09
4.79092794e-09
5.08168726e-09
8.62204982e-09
1.10521103e-08
1.25595745e-08
1.33199164e-08
1.35901116e-08
1.38480815e-08
1.48440663e-08
1.7000162e-08
1.64808946e-08
1.40835164e-08
1.33232268e-08
1.30854321e-08
1.26457917e-08
1.17388576e-08
1.04418992e-08
9.02552932e-09
7.7558608e-09
6.76804888e-09
6.03571546e-09
5.41472188e-09
4.77282615e-09
4.06053703e-09
3.2806025e-09
2.44039967e-09
1.55509553e-09
7.33634581e-10
1.68523575e-10
7.10377689e-09
8.2132332e-09
9.04302304e-09
9.61978287e-09
9.9764472e-09
1.11812458e-08
1.39057503e-08
1.14754772e-08
1.06969441e-08
9.97308103e-09
7.73990626e-09
4.34045018e-09
4.40769901e-09
7.60655119e-09
1.00623108e-08
1.18898338e-08
1.31267481e-08
1.38578864e-08
1.44066594e-08
1.53641846e-08
1.69328937e-08
1.64631653e-08
1.46042306e-08
1.37474339e-08
1.31883987e-08
1.23378273e-08
1.1079407e-08
9.59315736e-09
8.15155714e-09
6.95213334e-09
6.05000846e-09
5.37910726e-09
4.80871791e-09
4.22767128e-09
3.59050112e-09
2.89633227e-09
2.15007484e-09
1.36446748e-09
6.37538798e-10
1.43570786e-10
6.4264122e-09
7.46792854e-09
8.61260531e-09
9.7760863e-09
1.06818437e-08
1.18684622e-08
1.3785401e-08
1.18977631e-08
1.09206817e-08
9.50485674e-09
6.91033757e-09
3.759102e-09
3.67515737e-09
6.39952745e-09
8.71039929e-09
1.07136364e-08
1.24008242e-08
1.37160329e-08
1.47305439e-08
1.57443426e-08
1.68415755e-08
1.64439381e-08
1.5043202e-08
1.39832947e-08
1.2906733e-08
1.15400889e-08
9.95858279e-09
8.37961346e-09
7.00685552e-09
5.94104491e-09
5.16551036e-09
4.58704497e-09
4.08933048e-09
3.5849994e-09
3.03829591e-09
2.4471222e-09
1.81367476e-09
1.14775348e-09
5.32966758e-10
1.18291285e-10
5.3758111e-09
6.29271522e-09
7.58043819e-09
9.21741353e-09
1.07826841e-08
1.2211909e-08
1.3569903e-08
1.20750529e-08
1.06079899e-08
8.46106173e-09
5.74053669e-09
3.05165829e-09
2.89973017e-09
5.04726152e-09
7.02138741e-09
8.94449049e-09
1.08517227e-08
1.26686715e-08
1.42786854e-08
1.56095375e-08
1.65554609e-08
1.62300963e-08
1.49608121e-08
1.34845911e-08
1.18043662e-08
1.00217456e-08
8.31121057e-09
6.82012282e-09
5.63422352e-09
4.76177263e-09
4.14167082e-09
3.67641652e-09
3.270342e-09
2.85944177e-09
2.4185101e-09
1.94536608e-09
1.44008942e-09
9.09780938e-10
4.21014635e-10
9.24520202e-11
4.02878419e-09
4.72023269e-09
5.86492252e-09
7.57744925e-09
9.57761995e-09
1.14771738e-08
1.27343221e-08
1.12706491e-08
9.15309285e-09
6.65790758e-09
4.25638582e-09
2.24291031e-09
2.0938128e-09
3.61220676e-09
5.09040386e-09
6.64326343e-09
8.36574014e-09
1.02755362e-08
1.22844667e-08
1.41193781e-08
1.53487963e-08
1.50666332e-08
1.34949074e-08
1.15137842e-08
9.50125838e-09
7.69662233e-09
6.18907874e-09
4.99500688e-09
4.10035117e-09
3.46318054e-09
3.01495533e-09
2.67569881e-09
2.37602514e-09
2.07309995e-09
1.75067472e-09
1.40685163e-09
1.04063082e-09
6.56955407e-10
3.03740058e-10
6.62062225e-11
2.48283931e-09
2.88912431e-09
3.63134949e-09
4.86617817e-09
6.56544326e-09
8.52052345e-09
9.86451669e-09
8.33765759e-09
6.17068215e-09
4.16778576e-09
2.57542881e-09
1.36808513e-09
1.26542023e-09
2.15348703e-09
3.04893186e-09
4.02244228e-09
5.16565926e-09
6.55816351e-09
8.25012499e-09
1.01264534e-08
1.16089233e-08
1.13626753e-08
9.60470243e-09
7.67694734e-09
6.0424613e-09
4.75592897e-09
3.76670622e-09
3.02084367e-09
2.47701225e-09
2.09415844e-09
1.82474432e-09
1.61900998e-09
1.43590959e-09
1.25110183e-09
1.05549601e-09
8.47738755e-10
6.26791071e-10
3.95748217e-10
1.83241227e-10
3.9770171e-11
8.34413815e-10
9.61245883e-10
1.20194195e-09
1.61620059e-09
2.24117771e-09
3.10323678e-09
3.82867974e-09
3.03455391e-09
2.09345099e-09
1.37085268e-09
8.46887114e-10
4.57794256e-10
4.21707885e-10
7.08883741e-10
1.00268871e-09
1.32325983e-09
1.70316351e-09
2.17812826e-09
2.80023319e-09
3.61035599e-09
4.39679153e-09
4.27961018e-09
3.39538537e-09
2.59799333e-09
2.0101355e-09
1.57442019e-09
1.24640591e-09
1.00115693e-09
8.22752819e-10
6.96844431e-10
6.07726819e-10
5.39168562e-10
4.77874303e-10
4.16060264e-10
3.508324e-10
2.81698137e-10
2.08238948e-10
1.31551766e-10
6.10905806e-11
1.32537076e-11
)
;
    }
}


// ************************************************************************* //
